32 0.264815 0.641204 0.385185 0.341667
76 0.637037 0.6375 0.340741 0.339815
32 0.264815 0.641204 0.385185 0.341667
76 0.637037 0.6375 0.340741 0.339815
32 0.264815 0.641204 0.385185 0.341667
76 0.637037 0.6375 0.340741 0.339815
32 0.264815 0.641204 0.385185 0.341667
76 0.637037 0.6375 0.340741 0.339815
32 0.264815 0.641204 0.385185 0.341667
76 0.637037 0.6375 0.340741 0.339815
32 0.264815 0.641204 0.385185 0.341667
76 0.637037 0.6375 0.340741 0.339815
32 0.264815 0.641204 0.385185 0.341667
76 0.637037 0.6375 0.340741 0.339815
32 0.264815 0.641204 0.385185 0.341667
76 0.637037 0.6375 0.340741 0.339815
32 0.264815 0.641204 0.385185 0.341667
76 0.637037 0.6375 0.340741 0.339815
32 0.264815 0.641204 0.385185 0.341667
76 0.637037 0.6375 0.340741 0.339815
