46 0.68 0.315556 0.631111 0.586667
46 0.68 0.315556 0.631111 0.586667
46 0.68 0.315556 0.631111 0.586667
46 0.68 0.315556 0.631111 0.586667
46 0.68 0.315556 0.631111 0.586667
46 0.68 0.315556 0.631111 0.586667
46 0.68 0.315556 0.631111 0.586667
46 0.68 0.315556 0.631111 0.586667
46 0.68 0.315556 0.631111 0.586667
46 0.68 0.315556 0.631111 0.586667
46 0.68 0.315556 0.631111 0.586667
46 0.68 0.315556 0.631111 0.586667
46 0.68 0.315556 0.631111 0.586667
46 0.68 0.315556 0.631111 0.586667
46 0.68 0.315556 0.631111 0.586667
46 0.68 0.315556 0.631111 0.586667
46 0.68 0.315556 0.631111 0.586667
46 0.68 0.315556 0.631111 0.586667
46 0.68 0.315556 0.631111 0.586667
46 0.68 0.315556 0.631111 0.586667
46 0.68 0.315556 0.631111 0.586667
46 0.68 0.315556 0.631111 0.586667
46 0.68 0.315556 0.631111 0.586667
46 0.68 0.315556 0.631111 0.586667
46 0.68 0.315556 0.631111 0.586667
46 0.68 0.315556 0.631111 0.586667
46 0.68 0.315556 0.631111 0.586667
46 0.68 0.315556 0.631111 0.586667
46 0.68 0.315556 0.631111 0.586667
46 0.68 0.315556 0.631111 0.586667
46 0.68 0.315556 0.631111 0.586667
46 0.68 0.315556 0.631111 0.586667
