56 0.295673 0.68149 0.447115 0.526442
12 0.239183 0.242788 0.141827 0.206731
9 0.3125 0.669471 0.283654 0.362981
56 0.295673 0.68149 0.447115 0.526442
12 0.239183 0.242788 0.141827 0.206731
9 0.3125 0.669471 0.283654 0.362981
56 0.295673 0.68149 0.447115 0.526442
12 0.239183 0.242788 0.141827 0.206731
9 0.3125 0.669471 0.283654 0.362981
56 0.295673 0.68149 0.447115 0.526442
12 0.239183 0.242788 0.141827 0.206731
9 0.3125 0.669471 0.283654 0.362981
56 0.295673 0.68149 0.447115 0.526442
12 0.239183 0.242788 0.141827 0.206731
9 0.3125 0.669471 0.283654 0.362981
56 0.295673 0.68149 0.447115 0.526442
12 0.239183 0.242788 0.141827 0.206731
9 0.3125 0.669471 0.283654 0.362981
