78 0.666031 0.440104 0.645038 0.869792
78 0.295802 0.419271 0.576336 0.838542
9 0.456107 0.0364583 0.179389 0.0729167
78 0.666031 0.440104 0.645038 0.869792
78 0.295802 0.419271 0.576336 0.838542
9 0.456107 0.0364583 0.179389 0.0729167
78 0.666031 0.440104 0.645038 0.869792
78 0.295802 0.419271 0.576336 0.838542
9 0.456107 0.0364583 0.179389 0.0729167
78 0.666031 0.440104 0.645038 0.869792
78 0.295802 0.419271 0.576336 0.838542
9 0.456107 0.0364583 0.179389 0.0729167
78 0.666031 0.440104 0.645038 0.869792
78 0.295802 0.419271 0.576336 0.838542
9 0.456107 0.0364583 0.179389 0.0729167
