62 0.587848 0.205078 0.203514 0.394531
56 0.270132 0.71582 0.528551 0.564453
18 0.382138 0.212891 0.213763 0.417969
95 0.766471 0.708008 0.461201 0.583984
98 0.139824 0.220703 0.270864 0.425781
90 0.142753 0.222656 0.273792 0.433594
64 0.843338 0.203125 0.310395 0.40625
6 0.784773 0.788086 0.295754 0.337891
17 0.725869 0.688144 0.440154 0.541237
58 0.252896 0.685567 0.498069 0.628866
51 0.498069 0.206186 0.409266 0.402062
17 0.725869 0.688144 0.440154 0.541237
58 0.252896 0.685567 0.498069 0.628866
51 0.498069 0.206186 0.409266 0.402062
17 0.725869 0.688144 0.440154 0.541237
58 0.252896 0.685567 0.498069 0.628866
51 0.498069 0.206186 0.409266 0.402062
17 0.725869 0.688144 0.440154 0.541237
58 0.252896 0.685567 0.498069 0.628866
51 0.498069 0.206186 0.409266 0.402062
