85 0.697222 0.293056 0.212963 0.289815
21 0.668981 0.627778 0.421296 0.362963
85 0.697222 0.293056 0.212963 0.289815
21 0.668981 0.627778 0.421296 0.362963
85 0.697222 0.293056 0.212963 0.289815
21 0.668981 0.627778 0.421296 0.362963
55 0.246296 0.628241 0.427778 0.373148
57 0.877778 0.295833 0.146296 0.29537
21 0.659722 0.627315 0.399074 0.362037
85 0.699074 0.296296 0.211111 0.294444
55 0.246296 0.628241 0.427778 0.373148
57 0.877778 0.295833 0.146296 0.29537
21 0.659722 0.627315 0.399074 0.362037
85 0.699074 0.296296 0.211111 0.294444
55 0.246296 0.628241 0.427778 0.373148
57 0.877778 0.295833 0.146296 0.29537
21 0.659722 0.627315 0.399074 0.362037
85 0.699074 0.296296 0.211111 0.294444
