56 0.256757 0.698454 0.498069 0.603093
95 0.741313 0.701031 0.486486 0.597938
18 0.741313 0.703608 0.362934 0.427835
9 0.262548 0.706186 0.332046 0.443299
12 0.787645 0.17268 0.185328 0.252577
46 0.301653 0.246411 0.570248 0.492823
56 0.266529 0.741627 0.5 0.497608
95 0.75 0.739234 0.458678 0.511962
11 0.760331 0.729665 0.31405 0.320574
18 0.752066 0.729665 0.330579 0.358852
13 0.626033 0.301435 0.152893 0.200957
9 0.289256 0.712919 0.338843 0.344498
46 0.301653 0.246411 0.570248 0.492823
56 0.266529 0.741627 0.5 0.497608
95 0.75 0.739234 0.458678 0.511962
11 0.760331 0.729665 0.31405 0.320574
18 0.752066 0.729665 0.330579 0.358852
13 0.626033 0.301435 0.152893 0.200957
9 0.289256 0.712919 0.338843 0.344498
46 0.301653 0.246411 0.570248 0.492823
56 0.266529 0.741627 0.5 0.497608
95 0.75 0.739234 0.458678 0.511962
11 0.760331 0.729665 0.31405 0.320574
18 0.752066 0.729665 0.330579 0.358852
13 0.626033 0.301435 0.152893 0.200957
9 0.289256 0.712919 0.338843 0.344498
46 0.301653 0.246411 0.570248 0.492823
56 0.266529 0.741627 0.5 0.497608
95 0.75 0.739234 0.458678 0.511962
11 0.760331 0.729665 0.31405 0.320574
18 0.752066 0.729665 0.330579 0.358852
13 0.626033 0.301435 0.152893 0.200957
9 0.289256 0.712919 0.338843 0.344498
