9 0.255952 0.67 0.289683 0.32
12 0.188492 0.2025 0.170635 0.215
9 0.310811 0.67268 0.266409 0.35567
12 0.239382 0.244845 0.138996 0.201031
58 0.272549 0.681818 0.47451 0.575758
12 0.241176 0.204545 0.2 0.237374
12 0.521569 0.280303 0.180392 0.247475
8 0.321569 0.603535 0.27451 0.318182
9 0.277992 0.747423 0.27027 0.381443
5 0.467181 0.195876 0.208494 0.309278
18 0.77027 0.698454 0.382239 0.479381
12 0.787645 0.195876 0.162162 0.216495
9 0.233591 0.726804 0.351351 0.43299
5 0.467181 0.195876 0.208494 0.309278
18 0.77027 0.698454 0.382239 0.479381
12 0.787645 0.195876 0.162162 0.216495
9 0.233591 0.726804 0.351351 0.43299
5 0.467181 0.195876 0.208494 0.309278
18 0.77027 0.698454 0.382239 0.479381
12 0.787645 0.195876 0.162162 0.216495
9 0.233591 0.726804 0.351351 0.43299
5 0.467181 0.195876 0.208494 0.309278
18 0.77027 0.698454 0.382239 0.479381
12 0.787645 0.195876 0.162162 0.216495
9 0.233591 0.726804 0.351351 0.43299
