36 0.792683 0.697561 0.398374 0.536585
12 0.432927 0.226829 0.158537 0.24878
56 0.272388 0.712766 0.440298 0.542553
17 0.744403 0.691489 0.503731 0.606383
9 0.287313 0.691489 0.246269 0.329787
56 0.256757 0.698454 0.498069 0.603093
95 0.741313 0.701031 0.486486 0.597938
18 0.741313 0.703608 0.362934 0.427835
9 0.262548 0.706186 0.332046 0.443299
12 0.787645 0.17268 0.185328 0.252577
56 0.256757 0.698454 0.498069 0.603093
95 0.741313 0.701031 0.486486 0.597938
18 0.741313 0.703608 0.362934 0.427835
9 0.262548 0.706186 0.332046 0.443299
12 0.787645 0.17268 0.185328 0.252577
56 0.256757 0.698454 0.498069 0.603093
95 0.741313 0.701031 0.486486 0.597938
18 0.741313 0.703608 0.362934 0.427835
9 0.262548 0.706186 0.332046 0.443299
12 0.787645 0.17268 0.185328 0.252577
